SOURCE_PDF: city-packs\kyoto-shijo\evidence\kyoto-subway-fare-table.pdf
EXTRACTED_UTC: 2026-09-29T18:09:44.017510Z
PAGES: 2
=== TEXT BELOW ===

----- PAGE 1 -----
令和5年4月1日～
地下鉄・近鉄連絡大人普通運賃表（竹田駅経由 ） 大人
（単位：円）
地下鉄駅 １区 ３区 ４区 ５区
近鉄駅
九条，十条，
くいな橋 京都
丸太町，烏丸御池，
四条，五条，
京都市役所前，
二条城前
北大路，鞍馬口，
今出川，御陵，
蹴上，東山，
三条京阪，二条，
西大路御池，
太秦天神川
国際会館，
松ヶ崎，
北山，椥辻，
東野，山科
六地蔵，石田，
醍醐，小野
伏見 * 380 * 430 440 470 510 540
近鉄丹波橋 * 380 * 430 440 470 510 540
桃山御陵前 * 380 * 430 440 470 510 540
向島 * 450 * 490 500 530 570 600
小倉 520 560 560 590 630 660
伊勢田 520 560 560 590 630 660
大久保 520 560 560 590 630 660
久津川 580 620 620 650 690 720
寺田 580 620 620 650 690 720
富野荘 580 620 620 650 690 720
新田辺 650 690 690 720 760 790
興戸 650 690 690 720 760 790
三山木 710 750 750 780 820 850
近鉄宮津 710 750 750 780 820 850
狛田 710 750 750 780 820 850
新祝園 750 790 790 820 860 890
木津川台 750 790 790 820 860 890
山田川 750 790 790 820 860 890
高の原 810 850 850 880 920 950
平城 810 850 850 880 920 950
大和西大寺 900 940 940 970 1,010 1,040
菖蒲池 900 940 940 970 1,010 1,040
学園前 900 940 940 970 1,010 1,040
富雄 980 1,020 1,020 1,050 1,090 1,120
東生駒 980 1,020 1,020 1,050 1,090 1,120
生駒 980 1,020 1,020 1,050 1,090 1,120
新大宮 900 940 940 970 1,010 1,040
近鉄奈良 980 1,020 1,020 1,050 1,090 1,120
尼ケ辻 900 940 940 970 1,010 1,040
西ノ京 900 940 940 970 1,010 1,040
九条 900 940 940 970 1,010 1,040
近鉄郡山 980 1,020 1,020 1,050 1,090 1,120
筒井 980 1,020 1,020 1,050 1,090 1,120
平端 1,050 1,090 1,090 1,120 1,160 1,190
二階堂 1,050 1,090 1,090 1,120 1,160 1,190
前栽 1,050 1,090 1,090 1,120 1,160 1,190
天理 1,130 1,170 1,170 1,200 1,240 1,270
*は，乗継割引適用後の運賃です。
２区
----- PAGE 2 -----
令和5年4月1日～
地下鉄・近鉄連絡小児普通運賃表（竹田駅経由 ） 小児
（単位：円）
地下鉄駅 １区 ３区 ４区 ５区
近鉄駅
九条，十条，
くいな橋 京都
丸太町，烏丸御池，
四条，五条，
京都市役所前，
二条城前
北大路，鞍馬口，
今出川，御陵，
蹴上，東山，
三条京阪，二条，
西大路御池，
太秦天神川
国際会館，
松ヶ崎，
北山，椥辻，
東野，山科
六地蔵，石田，
醍醐，小野
伏見 * 190 * 210 220 240 260 270
近鉄丹波橋 * 190 * 210 220 240 260 270
桃山御陵前 * 190 * 210 220 240 260 270
向島 * 220 * 240 250 270 290 300
小倉 260 280 280 300 320 330
伊勢田 260 280 280 300 320 330
大久保 260 280 280 300 320 330
久津川 290 310 310 330 350 360
寺田 290 310 310 330 350 360
富野荘 290 310 310 330 350 360
新田辺 330 350 350 370 390 400
興戸 330 350 350 370 390 400
三山木 360 380 380 400 420 430
近鉄宮津 360 380 380 400 420 430
狛田 360 380 380 400 420 430
新祝園 380 400 400 420 440 450
木津川台 380 400 400 420 440 450
山田川 380 400 400 420 440 450
高の原 410 430 430 450 470 480
平城 410 430 430 450 470 480
大和西大寺 450 470 470 490 510 520
菖蒲池 450 470 470 490 510 520
学園前 450 470 470 490 510 520
富雄 490 510 510 530 550 560
東生駒 490 510 510 530 550 560
生駒 490 510 510 530 550 560
新大宮 450 470 470 490 510 520
近鉄奈良 490 510 510 530 550 560
尼ケ辻 450 470 470 490 510 520
西ノ京 450 470 470 490 510 520
九条 450 470 470 490 510 520
近鉄郡山 490 510 510 530 550 560
筒井 490 510 510 530 550 560
平端 530 550 550 570 590 600
二階堂 530 550 550 570 590 600
前栽 530 550 550 570 590 600
天理 570 590 590 610 630 640
*は，乗継割引適用後の運賃です。
２区